L.vdc.nwires = 368
L.vdc.wire.spacing = -0.0042426
L.vdc.tdc.min = 800
L.vdc.tdc.max = 4000
L.vdc.tdc.res = 5e-10
L.vdc.ttd.param =
    2.12e-03   0.00e+00   0.00e+00   0.00e+00
   -4.20e-04   1.30e-03   1.06e-04   0.00e+00
    4.00e-09
L.vdc.t0.res = 6e-08
L.vdc.clust.minsize = 3
L.vdc.clust.maxspan = 7
L.vdc.maxgap = 0
L.vdc.tdiff.min = 3e-08
L.vdc.tdiff.max = 2.0e-07
L.vdc.u1.detmap =
     4   10    0   95    0
     4    9    0   95   96
     4    8    0   95  192
     4    7    0   79  288
L.vdc.u1.position = 0  0  0
L.vdc.u1.wire.start = 0.77852
L.vdc.u1.wire.angle = -45
L.vdc.u1.driftvel = 49280
L.vdc.u1.tdc.offsets =
   1731.0  1731.0  1731.0  1731.0  1731.0  1731.0  1731.0  1731.0
   1731.0  1731.0  1731.0  1731.0  1731.0  1731.0  1731.0  1731.0
   1731.0  1731.0  1731.0  1731.0  1731.0  1731.0  1731.0  1731.0
   1731.0  1731.0  1731.0  1731.0  1731.0  1731.0  1731.0  1731.0
   1731.0  1731.0  1731.0  1731.0  1731.0  1731.0  1731.0  1731.0
   1731.0  1731.0  1731.0  1731.0  1731.0  1731.0  1731.0  1731.0
   1731.0  1731.0  1731.0  1731.0  1731.0  1731.0  1731.0  1731.0
   1731.0  1731.0  1731.0  1731.0  1731.0  1731.0  1731.0  1731.0
   1731.0  1731.0  1731.0  1731.0  1731.0  1731.0  1731.0  1731.0
   1731.0  1731.0  1731.0  1731.0  1731.0  1731.0  1731.0  1731.0
   1731.0  1731.0  1731.0  1731.0  1731.0  1731.0  1731.0  1731.0
   1731.0  1731.0  1731.0  1731.0  1731.0  1731.0  1731.0  1731.0
   1731.0  1731.0  1731.0  1731.0  1731.0  1731.0  1731.0  1731.0
   1731.0  1731.0  1731.0  1731.0  1731.0  1731.0  1731.0  1731.0
   1731.0  1731.0  1731.0  1731.0  1731.0  1731.0  1731.0  1731.0
   1731.0  1731.0  1731.0  1731.0  1731.0  1731.0  1731.0  1731.0
   1731.0  1731.0  1731.0  1731.0  1731.0  1731.0  1731.0  1731.0
   1731.0  1731.0  1731.0  1731.0  1731.0  1731.0  1731.0  1731.0
   1731.0  1731.0  1731.0  1731.0  1731.0  1731.0  1731.0  1731.0
   1731.0  1731.0  1731.0  1731.0  1731.0  1731.0  1731.0  1731.0
   1731.0  1731.0  1731.0  1731.0  1731.0  1731.0  1731.0  1731.0
   1731.0  1731.0  1731.0  1731.0  1731.0  1731.0  1731.0  1731.0
   1731.0  1731.0  1731.0  1731.0  1731.0  1731.0  1731.0  1731.0
   1731.0  1731.0  1731.0  1731.0  1731.0  1731.0  1731.0  1731.0
   1731.0  1731.0  1731.0  1731.0  1731.0  1731.0  1731.0  1731.0
   1731.0  1731.0  1731.0  1731.0  1731.0  1731.0  1731.0  1731.0
   1731.0  1731.0  1731.0  1731.0  1731.0  1731.0  1731.0  1731.0
   1731.0  1731.0  1731.0  1731.0  1731.0  1731.0  1731.0  1731.0
   1731.0  1731.0  1731.0  1731.0  1731.0  1731.0  1731.0  1731.0
   1731.0  1731.0  1731.0  1731.0  1731.0  1731.0  1731.0  1731.0
   1731.0  1731.0  1731.0  1731.0  1731.0  1731.0  1731.0  1731.0
   1731.0  1731.0  1731.0  1731.0  1731.0  1731.0  1731.0  1731.0
   1731.0  1731.0  1731.0  1731.0  1731.0  1731.0  1731.0  1731.0
   1731.0  1731.0  1731.0  1731.0  1731.0  1731.0  1731.0  1731.0
   1731.0  1731.0  1731.0  1731.0  1731.0  1731.0  1731.0  1731.0
   1731.0  1731.0  1731.0  1731.0  1731.0  1731.0  1731.0  1731.0
   1731.0  1731.0  1731.0  1731.0  1731.0  1731.0  1731.0  1731.0
   1731.0  1731.0  1731.0  1731.0  1731.0  1731.0  1731.0  1731.0
   1731.0  1731.0  1731.0  1731.0  1731.0  1731.0  1731.0  1731.0
   1731.0  1731.0  1731.0  1731.0  1731.0  1731.0  1731.0  1731.0
   1731.0  1731.0  1731.0  1731.0  1731.0  1731.0  1731.0  1731.0
   1731.0  1731.0  1731.0  1731.0  1731.0  1731.0  1731.0  1731.0
   1731.0  1731.0  1731.0  1731.0  1731.0  1731.0  1731.0  1731.0
   1731.0  1731.0  1731.0  1731.0  1731.0  1731.0  1731.0  1731.0
   1731.0  1731.0  1731.0  1731.0  1731.0  1731.0  1731.0  1731.0
   1731.0  1731.0  1731.0  1731.8  1731.0  1731.0  1731.0  1731.0
L.vdc.v1.detmap =
     5   20    0   95    0
     5   19    0   95   96
     5   18    0   95  192
     5   17    0   79  288
L.vdc.v1.position = 0  0  0.026
L.vdc.v1.wire.start = 0.77852
L.vdc.v1.wire.angle = 45
L.vdc.v1.driftvel = 49130
L.vdc.v1.tdc.offsets =
   1731.0  1731.0  1731.0  1731.0  1731.0  1731.0  1731.0  1731.0
   1731.0  1731.0  1731.0  1731.0  1731.0  1731.0  1731.0  1731.0
   1731.0  1731.0  1731.0  1731.0  1731.0  1731.0  1731.0  1731.0
   1731.0  1731.0  1731.0  1731.0  1731.0  1731.0  1731.0  1731.0
   1731.0  1731.0  1731.0  1731.0  1731.0  1731.0  1731.0  1731.0
   1731.0  1731.0  1731.0  1731.0  1731.0  1731.0  1731.0  1731.0
   1731.0  1731.0  1731.0  1731.0  1731.0  1731.0  1731.0  1731.0
   1731.0  1731.0  1731.0  1731.0  1731.0  1731.0  1731.0  1731.0
   1731.0  1731.0  1731.0  1731.0  1731.0  1731.0  1731.0  1731.0
   1731.0  1731.0  1731.0  1731.0  1731.0  1731.0  1731.0  1731.0
   1731.0  1731.0  1731.0  1731.0  1731.0  1731.0  1731.0  1731.0
   1731.0  1731.0  1731.0  1731.0  1731.0  1731.0  1731.0  1731.0
   1731.0  1731.0  1731.0  1731.0  1731.0  1731.0  1731.0  1731.0
   1731.0  1731.0  1731.0  1731.0  1731.0  1731.0  1731.0  1731.0
   1731.0  1731.0  1731.0  1731.0  1731.0  1731.0  1731.0  1731.0
   1731.0  1731.0  1731.0  1731.0  1731.0  1731.0  1731.0  1731.0
   1731.0  1731.0  1731.0  1731.0  1731.0  1731.0  1731.0  1731.0
   1731.0  1731.0  1731.0  1731.0  1731.0  1731.0  1731.0  1731.0
   1731.0  1731.0  1731.0  1731.0  1731.0  1731.0  1731.0  1731.0
   1731.0  1731.0  1731.0  1731.0  1731.0  1731.0  1731.0  1731.0
   1731.0  1731.0  1731.0  1731.0  1731.0  1731.0  1731.0  1731.0
   1731.0  1731.0  1731.0  1731.0  1731.0  1731.0  1731.0  1731.0
   1731.0  1731.0  1731.0  1731.0  1731.0  1731.0  1731.0  1731.0
   1731.0  1731.0  1731.0  1731.0  1731.0  1731.0  1731.0  1731.0
   1731.0  1731.0  1731.0  1731.0  1731.0  1731.0  1731.0  1731.0
   1731.0  1731.0  1731.0  1731.0  1731.0  1731.0  1731.0  1731.0
   1731.0  1731.0  1731.0  1731.0  1731.0  1731.0  1731.0  1731.0
   1731.0  1731.0  1731.0  1731.0  1731.0  1731.0  1731.0  1731.0
   1731.0  1731.0  1731.0  1731.0  1731.0  1731.0  1731.0  1731.0
   1731.0  1731.0  1731.0  1731.0  1731.0  1731.0  1731.0  1731.0
   1731.0  1731.0  1731.0  1731.0  1731.0  1731.0  1731.0  1731.0
   1731.0  1731.0  1731.0  1731.0  1731.0  1731.0  1731.0  1731.0
   1731.0  1731.0  1731.0  1731.0  1731.0  1731.0  1731.0  1731.0
   1731.0  1731.0  1731.0  1731.0  1731.0  1731.0  1731.0  1731.0
   1731.0  1731.0  1731.0  1731.0  1731.0  1731.0  1731.0  1731.0
   1731.0  1731.0  1731.0  1731.0  1731.0  1731.0  1731.0  1731.0
   1731.0  1731.0  1731.0  1731.0  1731.0  1731.0  1731.0  1731.0
   1731.0  1731.0  1731.0  1731.0  1731.0  1731.0  1731.0  1731.0
   1731.0  1731.0  1731.0  1731.0  1731.0  1731.0  1731.0  1731.0
   1731.0  1731.0  1731.0  1731.0  1731.0  1731.0  1731.0  1731.0
   1731.0  1731.0  1731.0  1731.0  1731.0  1731.0  1731.0  1731.0
   1731.0  1731.0  1731.0  1731.0  1731.0  1731.0  1731.0  1731.0
   1731.0  1731.0  1731.0  1731.0  1731.0  1731.0  1731.0  1731.0
   1731.0  1731.0  1731.0  1731.0  1731.0  1731.0  1731.0  1731.0
   1731.0  1731.0  1731.0  1731.0  1731.0  1731.0  1731.0  1731.0
   1731.0  1731.0  1731.0  1731.8  1731.0  1731.0  1731.0  1731.0
L.vdc.u2.detmap =
     4    3    0   95    0
     4    4    0   95   96
     4    5    0   95  192
     4    6    0   79  288
L.vdc.u2.position = 0  0  0.3348
L.vdc.u2.wire.start = 1.02718
L.vdc.u2.wire.angle = -45
L.vdc.u2.driftvel = 49730
L.vdc.u2.tdc.offsets =
   1723.0  1723.0  1723.0  1723.0  1723.0  1723.0  1723.0  1723.0
   1723.0  1723.0  1723.0  1723.0  1723.0  1723.0  1723.0  1723.0
   1723.0  1723.0  1723.0  1723.0  1723.0  1723.0  1723.0  1723.0
   1723.0  1723.0  1723.0  1723.0  1723.0  1723.0  1723.0  1723.0
   1723.0  1723.0  1723.0  1723.0  1723.0  1723.0  1723.0  1723.0
   1723.0  1723.0  1723.0  1723.0  1723.0  1723.0  1723.0  1723.0
   1723.0  1723.0  1723.0  1723.0  1723.0  1723.0  1723.0  1723.0
   1723.0  1723.0  1723.0  1723.0  1723.0  1723.0  1723.0  1723.0
   1723.0  1723.0  1723.0  1723.0  1723.0  1723.0  1723.0  1723.0
   1723.0  1723.0  1723.0  1723.0  1723.0  1723.0  1723.0  1723.0
   1723.0  1723.0  1723.0  1723.0  1723.0  1723.0  1723.0  1723.0
   1723.0  1723.0  1723.0  1723.0  1723.0  1723.0  1723.0  1723.0
   1723.0  1723.0  1723.0  1723.0  1723.0  1723.0  1723.0  1723.0
   1723.0  1723.0  1723.0  1723.0  1723.0  1723.0  1723.0  1723.0
   1723.0  1723.0  1723.0  1723.0  1723.0  1723.0  1723.0  1723.0
   1723.0  1723.0  1723.0  1723.0  1723.0  1723.0  1723.0  1723.0
   1723.0  1723.0  1723.0  1723.0  1723.0  1723.0  1723.0  1723.0
   1723.0  1723.0  1723.0  1723.0  1723.0  1723.0  1723.0  1723.0
   1723.0  1723.0  1723.0  1723.0  1723.0  1723.0  1723.0  1723.0
   1723.0  1723.0  1723.0  1723.0  1723.0  1723.0  1723.0  1723.0
   1723.0  1723.0  1723.0  1723.0  1723.0  1723.0  1723.0  1723.0
   1723.0  1723.0  1723.0  1723.0  1723.0  1723.0  1723.0  1723.0
   1723.0  1723.0  1723.0  1723.0  1723.0  1723.0  1723.0  1723.0
   1723.0  1723.0  1723.0  1723.0  1723.0  1723.0  1723.0  1723.0
   1723.0  1723.0  1723.0  1723.0  1723.0  1723.0  1723.0  1723.0
   1723.0  1723.0  1723.0  1723.0  1723.0  1723.0  1723.0  1723.0
   1723.0  1723.0  1723.0  1723.0  1723.0  1723.0  1723.0  1723.0
   1723.0  1723.0  1723.0  1723.0  1723.0  1723.0  1723.0  1723.0
   1723.0  1723.0  1723.0  1723.0  1723.0  1723.0  1723.0  1723.0
   1723.0  1723.0  1723.0  1723.0  1723.0  1723.0  1723.0  1723.0
   1723.0  1723.0  1723.0  1723.0  1723.0  1723.0  1723.0  1723.0
   1723.0  1723.0  1723.0  1723.0  1723.0  1723.0  1723.0  1723.0
   1723.0  1723.0  1723.0  1723.0  1723.0  1723.0  1723.0  1723.0
   1723.0  1723.0  1723.0  1723.0  1723.0  1723.0  1723.0  1723.0
   1723.0  1723.0  1723.0  1723.0  1723.0  1723.0  1723.0  1723.0
   1723.0  1723.0  1723.0  1723.0  1723.0  1723.0  1723.0  1723.0
   1723.0  1723.0  1723.0  1723.0  1723.0  1723.0  1723.0  1723.0
   1723.0  1723.0  1723.0  1723.0  1723.0  1723.0  1723.0  1723.0
   1723.0  1723.0  1723.0  1723.0  1723.0  1723.0  1723.0  1723.0
   1723.0  1723.0  1723.0  1723.0  1723.0  1723.0  1723.0  1723.0
   1723.0  1723.0  1723.0  1723.0  1723.0  1723.0  1723.0  1723.0
   1723.0  1723.0  1723.0  1723.0  1723.0  1723.0  1723.0  1723.0
   1723.0  1723.0  1723.0  1723.0  1723.0  1723.0  1723.0  1723.0
   1723.0  1723.0  1723.0  1723.0  1723.0  1723.0  1723.0  1723.0
   1723.0  1723.0  1723.0  1723.0  1723.0  1723.0  1723.0  1723.0
   1723.0  1723.0  1723.0  1723.8  1723.0  1723.0  1723.0  1723.0
L.vdc.v2.detmap =
     5   24    0   95    0
     5   23    0   95   96
     5   22    0   95  192
     5   21    0   79  288
L.vdc.v2.position = 0  0  0.3609
L.vdc.v2.wire.start = 1.02718
L.vdc.v2.wire.angle = 45
L.vdc.v2.driftvel = 49190
L.vdc.v2.tdc.offsets =
   1717.0  1717.0  1717.0  1717.0  1717.0  1717.0  1717.0  1717.0
   1717.0  1717.0  1717.0  1717.0  1717.0  1717.0  1717.0  1717.0
   1717.0  1717.0  1717.0  1717.0  1717.0  1717.0  1717.0  1717.0
   1717.0  1717.0  1717.0  1717.0  1717.0  1717.0  1717.0  1717.0
   1717.0  1717.0  1717.0  1717.0  1717.0  1717.0  1717.0  1717.0
   1717.0  1717.0  1717.0  1717.0  1717.0  1717.0  1717.0  1717.0
   1717.0  1717.0  1717.0  1717.0  1717.0  1717.0  1717.0  1717.0
   1717.0  1717.0  1717.0  1717.0  1717.0  1717.0  1717.0  1717.0
   1717.0  1717.0  1717.0  1717.0  1717.0  1717.0  1717.0  1717.0
   1717.0  1717.0  1717.0  1717.0  1717.0  1717.0  1717.0  1717.0
   1717.0  1717.0  1717.0  1717.0  1717.0  1717.0  1717.0  1717.0
   1717.0  1717.0  1717.0  1717.0  1717.0  1717.0  1717.0  1717.0
   1717.0  1717.0  1717.0  1717.0  1717.0  1717.0  1717.0  1717.0
   1717.0  1717.0  1717.0  1717.0  1717.0  1717.0  1717.0  1717.0
   1717.0  1717.0  1717.0  1717.0  1717.0  1717.0  1717.0  1717.0
   1717.0  1717.0  1717.0  1717.0  1717.0  1717.0  1717.0  1717.0
   1717.0  1717.0  1717.0  1717.0  1717.0  1717.0  1717.0  1717.0
   1717.0  1717.0  1717.0  1717.0  1717.0  1717.0  1717.0  1717.0
   1717.0  1717.0  1717.0  1717.0  1717.0  1717.0  1717.0  1717.0
   1717.0  1717.0  1717.0  1717.0  1717.0  1717.0  1717.0  1717.0
   1717.0  1717.0  1717.0  1717.0  1717.0  1717.0  1717.0  1717.0
   1717.0  1717.0  1717.0  1717.0  1717.0  1717.0  1717.0  1717.0
   1717.0  1717.0  1717.0  1717.0  1717.0  1717.0  1717.0  1717.0
   1717.0  1717.0  1717.0  1717.0  1717.0  1717.0  1717.0  1717.0
   1717.0  1717.0  1717.0  1717.0  1717.0  1717.0  1717.0  1717.0
   1717.0  1717.0  1717.0  1717.0  1717.0  1717.0  1717.0  1717.0
   1717.0  1717.0  1717.0  1717.0  1717.0  1717.0  1717.0  1717.0
   1717.0  1717.0  1717.0  1717.0  1717.0  1717.0  1717.0  1717.0
   1717.0  1717.0  1717.0  1717.0  1717.0  1717.0  1717.0  1717.0
   1717.0  1717.0  1717.0  1717.0  1717.0  1717.0  1717.0  1717.0
   1717.0  1717.0  1717.0  1717.0  1717.0  1717.0  1717.0  1717.0
   1717.0  1717.0  1717.0  1717.0  1717.0  1717.0  1717.0  1717.0
   1717.0  1717.0  1717.0  1717.0  1717.0  1717.0  1717.0  1717.0
   1717.0  1717.0  1717.0  1717.0  1717.0  1717.0  1717.0  1717.0
   1717.0  1717.0  1717.0  1717.0  1717.0  1717.0  1717.0  1717.0
   1717.0  1717.0  1717.0  1717.0  1717.0  1717.0  1717.0  1717.0
   1717.0  1717.0  1717.0  1717.0  1717.0  1717.0  1717.0  1717.0
   1717.0  1717.0  1717.0  1717.0  1717.0  1717.0  1717.0  1717.0
   1717.0  1717.0  1717.0  1717.0  1717.0  1717.0  1717.0  1717.0
   1717.0  1717.0  1717.0  1717.0  1717.0  1717.0  1717.0  1717.0
   1717.0  1717.0  1717.0  1717.0  1717.0  1717.0  1717.0  1717.0
   1717.0  1717.0  1717.0  1717.0  1717.0  1717.0  1717.0  1717.0
   1717.0  1717.0  1717.0  1717.0  1717.0  1717.0  1717.0  1717.0
   1717.0  1717.0  1717.0  1717.0  1717.0  1717.0  1717.0  1717.0
   1717.0  1717.0  1717.0  1717.0  1717.0  1717.0  1717.0  1717.0
   1717.0  1717.0  1717.0  1717.8  1717.0  1717.0  1717.0  1717.0
L.vdc.matrixelem = 
t 0 0 0  -1.001135e+00 -3.313373e-01 -4.290819e-02  4.470852e-03
y 0 0 0  -8.060915e-03  1.071977e-03  9.019102e-04 -3.239615e-04
p 0 0 0  -2.861912e-03 -2.469069e-03  8.427172e-03  2.274635e-03
D 0 0 0  -3.999504E-03 7.836366E-02 -2.402580E-03
D 0 0 1  4.603308E-02 -1.985791E-02
D 0 0 2  -4.889262E-01
D 0 1 0  5.422921E-02 -4.424330E-03
D 0 2 0  6.667095E-01
D 1 0 0  5.402269E-02 3.795633E-01
D 1 0 1  2.508162E+00
D 1 0 2  6.218480E+01
D 1 1 0  -4.005030E+00
D 1 1 1  2.262900E+02
D 2 0 0  1.608390E+00
T 0 0 0  -8.201060E-04 8.211259E-03 1.627837E-02
T 0 0 1  2.802140E-02 1.923631E-02
T 0 0 2  -2.095176E+00
T 0 1 0  1.618956E-01 -9.354815E-03
T 0 1 1  3.236841E+00
T 0 2 0  7.205629E+00
T 1 0 0  -2.059109E+00 6.284662E-01
T 1 0 1  2.208822E+00
T 1 1 0  -3.126992E+01
T 1 1 1  6.429601E+02
T 2 0 0  -6.193388E+00
P 0 0 0  1.490695E-03 1.279377E-03 -2.599065E-04
P 0 0 1  3.715470E-01 -1.056341E-01
P 0 0 2  -3.157757E+00 -5.015618E+00
P 0 1 0  -4.805412E-01 -1.004067E-01
P 0 1 1  -2.915838E+00 -1.476749E+01
P 0 2 0  9.887751E-01 -1.069342E+01
P 1 0 0  -1.457551E-03 3.892182E-02
P 1 0 1  4.065412E+00 -1.248381E+00
P 1 1 1  3.501117E+01 5.453189E+00
P 2 0 0  -3.958483E+00 2.575471E+00
P 1 1 0  -3.003455E+00 -1.236099E+00
Y 0 0 0  6.493102E-05 4.869614E-06 1.401940E-04 5.095548E-04
Y 0 0 1  1.497343E-03 -7.545631E-04 -5.770043E-03
Y 0 0 2  1.354584E-02
Y 0 1 0  1.219450E-04 -9.340034E-05
Y 0 1 1  -1.775201E-02 9.055118E-02
Y 0 2 0  1.655759E-02 -5.472019E-02
Y 1 1 0  -2.813705E-02
Y 1 1 1  -6.816293E-01
Y 2 0 0  6.878595E-02 -3.482422E-02 -2.391993E-01
Y 2 0 1  6.492877E-01
Y 2 1 0  2.740856E+00
Y 1 0 1  -1.145137E-02
R 0 0 0 0  25.713
R 1 0 0 0  0.1650
R 2 0 0 0 -0.05
R 0 1 0 0 -11.6554
R 0 2 0 0 -9.4951
R 0 0 1 0  0.0
R 0 0 2 0  0.0
R 0 0 0 1  0.0
R 0 0 0 2  0.0
XF 1 0 0 0 0 -2.181E+00
XF 0 1 0 0 0 -1.980E-01
XF 0 0 0 0 1  1.191E+01
TF 1 0 0 0 0 -1.000E-01
TF 0 1 0 0 0 -4.690E-01
TF 0 0 0 0 1  1.967E+00
PF 0 0 1 0 0  3.630E-01
PF 0 0 0 1 0 -0.902E+00
YF 0 0 1 0 0 -5.950E-01
YF 0 0 0 1 0 -1.274E+00









