L.s1.detmap =
    3  23  22  27   1  1881
    3  23  16  21   7  1881
    4   9   8  13   1  1877
    4   9   0   5   7  1877
L.s1.npaddles = 6
L.s1.position = -0.129  0  1.2873
L.s1.size = 0.88  0.18  0.005
L.s1.L.off = 386.58  195.12  37.16  -453.06  249.23  290.26
L.s1.R.off = 276.2  298.86  462.14  459.74  485.07  537.38
L.s1.L.ped = 466  485  321  327  626  479
L.s1.R.ped = 605  546  479  335  295  351
L.s1.L.gain = 0.979  1.007  0.989  0.986  1.007  0.948
L.s1.R.gain = 1.045  1.003  0.965  1.015  0.989  0.942
L.s1.avgres = 1e-10
L.s1.atten = 0.7
L.s1.Cn = 1.49859e+08
L.s1.MIP = 1295.7
L.s1.tdc.res = 5e-11
L.s1.timewalk_params =
   1.1660e-07  1.1189e-07  6.4460e-08  8.8190e-08  8.8740e-08  2.1630e-08
   8.1390e-08  5.4690e-08  1.4930e-08  5.9180e-08  2.6920e-08  2.0940e-08
L.s1.retiming_offsets = 0  0  0  0  0  0

