L.vdc.tdc.hits = 6
L.vdc.nwires = 368
L.vdc.wire.spacing = -0.0042426
L.vdc.tdc.min = 800
L.vdc.tdc.max = 4000
L.vdc.tdc.res = 5e-10
L.vdc.ttd.param =
    2.12e-03   0.00e+00   0.00e+00   0.00e+00
   -4.20e-04   1.30e-03   1.06e-04   0.00e+00
    4.00e-09
L.vdc.t0.res = 6e-08
L.vdc.clust.minsize = 3
L.vdc.clust.maxspan = 7
L.vdc.maxgap = 0
L.vdc.tdiff.min = 3e-08
L.vdc.tdiff.max = 2.0e-07
L.vdc.u1.detmap =
     4   10    0   95    0
     4    9    0   95   96
     4    8    0   95  192
     4    7    0   79  288
L.vdc.u1.position = 0  0  0
L.vdc.u1.wire.start = 0.77852
L.vdc.u1.wire.angle = -45
L.vdc.u1.driftvel = 49280
L.vdc.u1.tdc.offsets =
     1944    1944    1944    1944    1944    1944    1944    1944
     1944    1944    1944    1944    1944    1944    1944    1944
     1944    1944    1944    1944    1944    1944    1944    1944
     1944    1944    1944    1944    1944    1944    1944    1944
   1944.7  1944.7  1944.7  1944.7  1944.7  1944.7  1944.7  1944.7
   1944.7  1944.7  1944.7  1944.7  1944.7  1944.7  1944.7  1944.7
   1945.5  1945.5  1945.5  1945.5  1945.5  1945.5  1945.5  1945.5
   1945.5  1945.5  1945.5  1945.5  1945.5  1945.5  1945.5  1945.5
   1945.6  1945.6  1945.6  1945.6  1945.6  1945.6  1945.6  1945.6
   1945.6  1945.6  1945.6  1945.6  1945.6  1945.6  1945.6  1945.6
   1946.1  1946.1  1946.1  1946.1  1946.1  1946.1  1946.1  1946.1
   1946.1  1946.1  1946.1  1946.1  1946.1  1946.1  1946.1  1946.1
   1950.4  1950.4  1950.4  1950.4  1950.4  1950.4  1950.4  1950.4
   1950.4  1950.4  1950.4  1950.4  1950.4  1950.4  1950.4  1950.4
   1948.9  1948.9  1948.9  1948.9  1948.9  1948.9  1948.9  1948.9
   1948.9  1948.9  1948.9  1948.9  1948.9  1948.9  1948.9  1948.9
   1948.1  1948.1  1948.1  1948.1  1948.1  1948.1  1948.1  1948.1
   1948.1  1948.1  1948.1  1948.1  1948.1  1948.1  1948.1  1948.1
   1946.7  1946.7  1946.7  1946.7  1946.7  1946.7  1946.7  1946.7
   1946.7  1946.7  1946.7  1946.7  1946.7  1946.7  1946.7  1946.7
   1943.7  1943.7  1943.7  1943.7  1943.7  1943.7  1943.7  1943.7
   1943.7  1943.7  1943.7  1943.7  1943.7  1943.7  1943.7  1943.7
   1942.8  1942.8  1942.8  1942.8  1942.8  1942.8  1942.8  1942.8
   1942.8  1942.8  1942.8  1942.8  1942.8  1942.8  1942.8  1942.8
   1950.5  1950.5  1950.5  1950.5  1950.5  1950.5  1950.5  1950.5
   1950.5  1950.5  1950.5  1950.5  1950.5  1950.5  1950.5  1950.5
   1946.6  1946.6  1946.6  1946.6  1946.6  1946.6  1946.6  1946.6
   1946.6  1946.6  1946.6  1946.6  1946.6  1946.6  1946.6  1946.6
   1949.7  1949.7  1949.7  1949.7  1949.7  1949.7  1949.7  1949.7
   1949.7  1949.7  1949.7  1949.7  1949.7  1949.7  1949.7  1949.7
   1947.4  1947.4  1947.4  1947.4  1947.4  1947.4  1947.4  1947.4
   1947.4  1947.4  1947.4  1947.4  1947.4  1947.4  1947.4  1947.4
   1950.2  1950.2  1950.2  1950.2  1950.2  1950.2  1950.2  1950.2
   1950.2  1950.2  1950.2  1950.2  1950.2  1950.2  1950.2  1950.2
   1950.3  1950.3  1950.3  1950.3  1950.3  1950.3  1950.3  1950.3
   1950.3  1950.3  1950.3  1950.3  1950.3  1950.3  1950.3  1950.3
   1951.6  1951.6  1951.6  1951.6  1951.6  1951.6  1951.6  1951.6
   1951.6  1951.6  1951.6  1951.6  1951.6  1951.6  1951.6  1951.6
   1949.8  1949.8  1949.8  1949.8  1949.8  1949.8  1949.8  1949.8
   1949.8  1949.8  1949.8  1949.8  1949.8  1949.8  1949.8  1949.8
     1950    1950    1950    1950    1950    1950    1950    1950
     1950    1950    1950    1950    1950    1950    1950    1950
     1950    1950    1950    1950    1950    1950    1950    1950
     1950    1950    1950    1950    1950    1950    1950    1950
     1950    1950    1950    1950    1950    1950    1950    1950
     1950    1950    1950    1950    1950    1950    1950    1950
L.vdc.v1.detmap =
     5   20    0   95    0
     5   19    0   95   96
     5   18    0   95  192
     5   17    0   79  288
L.vdc.v1.position = 0  0  0.026
L.vdc.v1.wire.start = 0.77852
L.vdc.v1.wire.angle = 45
L.vdc.v1.driftvel = 49130
L.vdc.v1.tdc.offsets =
     1952    1952    1952    1952    1952    1952    1952    1952
     1952    1952    1952    1952    1952    1952    1952    1952
     1952    1952    1952    1952    1952    1952    1952    1952
     1952    1952    1952    1952    1952    1952    1952    1952
   1952.7  1952.7  1952.7  1952.7  1952.7  1952.7  1952.7  1952.7
   1952.7  1952.7  1952.7  1952.7  1952.7  1952.7  1952.7  1952.7
   1946.7  1946.7  1946.7  1946.7  1946.7  1946.7  1946.7  1946.7
   1946.7  1946.7  1946.7  1946.7  1946.7  1946.7  1946.7  1946.7
   1949.9  1949.9  1949.9  1949.9  1949.9  1949.9  1949.9  1949.9
   1949.9  1949.9  1949.9  1949.9  1949.9  1949.9  1949.9  1949.9
   1948.4  1948.4  1948.4  1948.4  1948.4  1948.4  1948.4  1948.4
   1948.4  1948.4  1948.4  1948.4  1948.4  1948.4  1948.4  1948.4
   1956.7  1956.7  1956.7  1956.7  1956.7  1956.7  1956.7  1956.7
   1956.7  1956.7  1956.7  1956.7  1956.7  1956.7  1956.7  1956.7
   1955.2  1955.2  1955.2  1955.2  1955.2  1955.2  1955.2  1955.2
   1955.2  1955.2  1955.2  1955.2  1955.2  1955.2  1955.2  1955.2
   1956.3  1956.3  1956.3  1956.3  1956.3  1956.3  1956.3  1956.3
   1956.3  1956.3  1956.3  1956.3  1956.3  1956.3  1956.3  1956.3
   1949.2  1949.2  1949.2  1949.2  1949.2  1949.2  1949.2  1949.2
   1949.2  1949.2  1949.2  1949.2  1949.2  1949.2  1949.2  1949.2
   1953.3  1953.3  1953.3  1953.3  1953.3  1953.3  1953.3  1953.3
   1953.3  1953.3  1953.3  1953.3  1953.3  1953.3  1953.3  1953.3
   1950.2  1950.2  1950.2  1950.2  1950.2  1950.2  1950.2  1950.2
   1950.2  1950.2  1950.2  1950.2  1950.2  1950.2  1950.2  1950.2
   1954.1  1954.1  1954.1  1954.1  1954.1  1954.1  1954.1  1954.1
   1954.1  1954.1  1954.1  1954.1  1954.1  1954.1  1954.1  1954.1
   1954.8  1954.8  1954.8  1954.8  1954.8  1954.8  1954.8  1954.8
   1954.8  1954.8  1954.8  1954.8  1954.8  1954.8  1954.8  1954.8
   1953.1  1953.1  1953.1  1953.1  1953.1  1953.1  1953.1  1953.1
   1953.1  1953.1  1953.1  1953.1  1953.1  1953.1  1953.1  1953.1
   1956.7  1956.7  1956.7  1956.7  1956.7  1956.7  1956.7  1956.7
   1956.7  1956.7  1956.7  1956.7  1956.7  1956.7  1956.7  1956.7
   1957.6  1957.6  1957.6  1957.6  1957.6  1957.6  1957.6  1957.6
   1957.6  1957.6  1957.6  1957.6  1957.6  1957.6  1957.6  1957.6
   1957.6  1957.6  1957.6  1957.6  1957.6  1957.6  1957.6  1957.6
   1957.6  1957.6  1957.6  1957.6  1957.6  1957.6  1957.6  1957.6
   1962.4  1962.4  1962.4  1962.4  1962.4  1962.4  1962.4  1962.4
   1962.4  1962.4  1962.4  1962.4  1962.4  1962.4  1962.4  1962.4
   1957.9  1957.9  1957.9  1957.9  1957.9  1957.9  1957.9  1957.9
   1957.9  1957.9  1957.9  1957.9  1957.9  1957.9  1957.9  1957.9
     1958    1958    1958    1958    1958    1958    1958    1958
     1958    1958    1958    1958    1958    1958    1958    1958
     1958    1958    1958    1958    1958    1958    1958    1958
     1958    1958    1958    1958    1958    1958    1958    1958
     1958    1958    1958    1958    1958    1958    1958    1958
     1958    1958    1958    1958    1958    1958    1958    1958
L.vdc.u2.detmap =
     4    3    0   95    0
     4    4    0   95   96
     4    5    0   95  192
     4    6    0   79  288
L.vdc.u2.position = 0  0  0.3348
L.vdc.u2.wire.start = 1.02718
L.vdc.u2.wire.angle = -45
L.vdc.u2.driftvel = 49730
L.vdc.u2.tdc.offsets =
     1936    1936    1936    1936    1936    1936    1936    1936
     1936    1936    1936    1936    1936    1936    1936    1936
   1936.5  1936.5  1936.5  1936.5  1936.5  1936.5  1936.5  1936.5
   1936.5  1936.5  1936.5  1936.5  1936.5  1936.5  1936.5  1936.5
     1937    1937    1937    1937    1937    1937    1937    1937
     1937    1937    1937    1937    1937    1937    1937    1937
   1935.4  1935.4  1935.4  1935.4  1935.4  1935.4  1935.4  1935.4
   1935.4  1935.4  1935.4  1935.4  1935.4  1935.4  1935.4  1935.4
   1931.8  1931.8  1931.8  1931.8  1931.8  1931.8  1931.8  1931.8
   1931.8  1931.8  1931.8  1931.8  1931.8  1931.8  1931.8  1931.8
   1933.8  1933.8  1933.8  1933.8  1933.8  1933.8  1933.8  1933.8
   1933.8  1933.8  1933.8  1933.8  1933.8  1933.8  1933.8  1933.8
   1947.3  1947.3  1947.3  1947.3  1947.3  1947.3  1947.3  1947.3
   1947.3  1947.3  1947.3  1947.3  1947.3  1947.3  1947.3  1947.3
     1943    1943    1943    1943    1943    1943    1943    1943
     1943    1943    1943    1943    1943    1943    1943    1943
   1942.9  1942.9  1942.9  1942.9  1942.9  1942.9  1942.9  1942.9
   1942.9  1942.9  1942.9  1942.9  1942.9  1942.9  1942.9  1942.9
   1938.2  1938.2  1938.2  1938.2  1938.2  1938.2  1938.2  1938.2
   1938.2  1938.2  1938.2  1938.2  1938.2  1938.2  1938.2  1938.2
   1940.1  1940.1  1940.1  1940.1  1940.1  1940.1  1940.1  1940.1
   1940.1  1940.1  1940.1  1940.1  1940.1  1940.1  1940.1  1940.1
   1940.8  1940.8  1940.8  1940.8  1940.8  1940.8  1940.8  1940.8
   1940.8  1940.8  1940.8  1940.8  1940.8  1940.8  1940.8  1940.8
   1944.2  1944.2  1944.2  1944.2  1944.2  1944.2  1944.2  1944.2
   1944.2  1944.2  1944.2  1944.2  1944.2  1944.2  1944.2  1944.2
   1943.2  1943.2  1943.2  1943.2  1943.2  1943.2  1943.2  1943.2
   1943.2  1943.2  1943.2  1943.2  1943.2  1943.2  1943.2  1943.2
   1944.5  1944.5  1944.5  1944.5  1944.5  1944.5  1944.5  1944.5
   1944.5  1944.5  1944.5  1944.5  1944.5  1944.5  1944.5  1944.5
   1942.3  1942.3  1942.3  1942.3  1942.3  1942.3  1942.3  1942.3
   1942.3  1942.3  1942.3  1942.3  1942.3  1942.3  1942.3  1942.3
     1943    1943    1943    1943    1943    1943    1943    1943
     1943    1943    1943    1943    1943    1943    1943    1943
   1943.8  1943.8  1943.8  1943.8  1943.8  1943.8  1943.8  1943.8
   1943.8  1943.8  1943.8  1943.8  1943.8  1943.8  1943.8  1943.8
   1948.5  1948.5  1948.5  1948.5  1948.5  1948.5  1948.5  1948.5
   1948.5  1948.5  1948.5  1948.5  1948.5  1948.5  1948.5  1948.5
   1945.6  1945.6  1945.6  1945.6  1945.6  1945.6  1945.6  1945.6
   1945.6  1945.6  1945.6  1945.6  1945.6  1945.6  1945.6  1945.6
   1945.4  1945.4  1945.4  1945.4  1945.4  1945.4  1945.4  1945.4
   1945.4  1945.4  1945.4  1945.4  1945.4  1945.4  1945.4  1945.4
     1945    1945    1945    1945    1945    1945    1945    1945
     1945    1945    1945    1945    1945    1945    1945    1945
     1945    1945    1945    1945    1945    1945    1945    1945
     1945    1945    1945    1945    1945    1945    1945    1945
L.vdc.v2.detmap =
     5   24    0   95    0
     5   23    0   95   96
     5   22    0   95  192
     5   21    0   79  288
L.vdc.v2.position = 0  0  0.3609
L.vdc.v2.wire.start = 1.02718
L.vdc.v2.wire.angle = 45
L.vdc.v2.driftvel = 49190
L.vdc.v2.tdc.offsets =
     1948    1948    1948    1948    1948    1948    1948    1948
     1948    1948    1948    1948    1948    1948    1948    1948
     1948    1948    1948    1948    1948    1948    1948    1948
     1948    1948    1948    1948    1948    1948    1948    1948
   1948.9  1948.9  1948.9  1948.9  1948.9  1948.9  1948.9  1948.9
   1948.9  1948.9  1948.9  1948.9  1948.9  1948.9  1948.9  1948.9
   1944.1  1944.1  1944.1  1944.1  1944.1  1944.1  1944.1  1944.1
   1944.1  1944.1  1944.1  1944.1  1944.1  1944.1  1944.1  1944.1
   1947.1  1947.1  1947.1  1947.1  1947.1  1947.1  1947.1  1947.1
   1947.1  1947.1  1947.1  1947.1  1947.1  1947.1  1947.1  1947.1
   1947.1  1947.1  1947.1  1947.1  1947.1  1947.1  1947.1  1947.1
   1947.1  1947.1  1947.1  1947.1  1947.1  1947.1  1947.1  1947.1
   1953.1  1953.1  1953.1  1953.1  1953.1  1953.1  1953.1  1953.1
   1953.1  1953.1  1953.1  1953.1  1953.1  1953.1  1953.1  1953.1
   1953.3  1953.3  1953.3  1953.3  1953.3  1953.3  1953.3  1953.3
   1953.3  1953.3  1953.3  1953.3  1953.3  1953.3  1953.3  1953.3
   1950.7  1950.7  1950.7  1950.7  1950.7  1950.7  1950.7  1950.7
   1950.7  1950.7  1950.7  1950.7  1950.7  1950.7  1950.7  1950.7
   1945.9  1945.9  1945.9  1945.9  1945.9  1945.9  1945.9  1945.9
   1945.9  1945.9  1945.9  1945.9  1945.9  1945.9  1945.9  1945.9
   1945.2  1945.2  1945.2  1945.2  1945.2  1945.2  1945.2  1945.2
   1945.2  1945.2  1945.2  1945.2  1945.2  1945.2  1945.2  1945.2
   1947.3  1947.3  1947.3  1947.3  1947.3  1947.3  1947.3  1947.3
   1947.3  1947.3  1947.3  1947.3  1947.3  1947.3  1947.3  1947.3
   1955.3  1955.3  1955.3  1955.3  1955.3  1955.3  1955.3  1955.3
   1955.3  1955.3  1955.3  1955.3  1955.3  1955.3  1955.3  1955.3
   1948.5  1948.5  1948.5  1948.5  1948.5  1948.5  1948.5  1948.5
   1948.5  1948.5  1948.5  1948.5  1948.5  1948.5  1948.5  1948.5
   1948.5  1948.5  1948.5  1948.5  1948.5  1948.5  1948.5  1948.5
   1948.5  1948.5  1948.5  1948.5  1948.5  1948.5  1948.5  1948.5
   1949.3  1949.3  1949.3  1949.3  1949.3  1949.3  1949.3  1949.3
   1949.3  1949.3  1949.3  1949.3  1949.3  1949.3  1949.3  1949.3
   1951.2  1951.2  1951.2  1951.2  1951.2  1951.2  1951.2  1951.2
   1951.2  1951.2  1951.2  1951.2  1951.2  1951.2  1951.2  1951.2
   1949.4  1949.4  1949.4  1949.4  1949.4  1949.4  1949.4  1949.4
   1949.4  1949.4  1949.4  1949.4  1949.4  1949.4  1949.4  1949.4
   1955.4  1955.4  1955.4  1955.4  1955.4  1955.4  1955.4  1955.4
   1955.4  1955.4  1955.4  1955.4  1955.4  1955.4  1955.4  1955.4
   1950.6  1950.6  1950.6  1950.6  1950.6  1950.6  1950.6  1950.6
   1950.6  1950.6  1950.6  1950.6  1950.6  1950.6  1950.6  1950.6
   1957.3  1957.3  1957.3  1957.3  1957.3  1957.3  1957.3  1957.3
   1957.3  1957.3  1957.3  1957.3  1957.3  1957.3  1957.3  1957.3
     1957    1957    1957    1957    1957    1957    1957    1957
     1957    1957    1957    1957    1957    1957    1957    1957
     1957    1957    1957    1957    1957    1957    1957    1957
     1957    1957    1957    1957    1957    1957    1957    1957
L.vdc.matrixelem = 
  t 0 0 0 -1.001135e+00 -3.313373e-01 -4.290819e-02  4.470852e-03
  y 0 0 0 -8.060915e-03  1.071977e-03  9.019102e-04 -3.239615e-04
  p 0 0 0 -2.861912e-03 -2.469069e-03  8.427172e-03  2.274635e-03
  D 0 0 0 -1.584030e-03  6.868670e-02 -6.185880e-03
  D 0 0 1  3.002850e-02 -4.918560e-02
  D 0 0 2 -5.425230e-01
  D 0 1 0 -7.149190e-03  7.422440e-03
  D 0 2 0  4.950370e-01
  D 1 0 0  6.925440e-02  2.562610e-01
  D 1 0 1  6.148340e+00
  D 1 0 2 -1.207080e+02
  D 1 1 0 -1.949890e+00
  D 1 1 1  3.339840e+02
  D 2 0 0 -1.927460e+00
  T 0 0 0 -1.906200e-02  3.771130e-02 -1.963230e-02
  T 0 0 1  2.384060e-01  1.636750e-01
  T 0 0 2  1.766820e+00
  T 0 1 0 -7.238730e-02  1.254140e-01
  T 0 1 1  1.015450e+01
  T 0 2 0 -3.314770e-01
  T 1 0 0 -2.813370e+00  5.833370e-01
  T 1 0 1  2.950860e+01
  T 1 1 0 -1.443900e+01
  T 1 1 1  1.084770e+03  6.560500e+02
  T 2 0 0 -6.302450e+00
  P 0 0 0 -1.640630e-03  3.235190e-04  3.631650e-03
  P 0 0 1  9.631560e-01 -4.579840e-01
  P 0 0 2 -3.296620e-01
  P 0 1 0 -8.895420e-01  2.272650e-01
  P 0 1 1 -5.005900e-01
  P 0 2 0  3.385540e+00
  P 1 0 0 -1.496510e-01  1.471510e-01
  P 1 0 1  1.334930e+00
  P 1 1 1  7.254540e+01
  P 2 0 0 -1.045860e+01
  Y 0 0 0  2.329060e-03 -7.819160e-03 -3.648250e-02  1.915950e+00
  Y 0 0 1  3.646700e-01  5.695940e-01 -2.594030e+00
  Y 0 0 2 -4.241720e+00
  Y 0 1 0  1.331950e-01 -1.108550e+00
  Y 0 1 1 -1.388350e+01 -9.617700e+01
  Y 0 2 0 -1.375140e+01 -4.220150e+00
  Y 1 1 0 -2.555490e+01
  Y 1 1 1 -9.505280e+02
  Y 2 0 0  1.538710e+01
  Y 2 0 1 -1.754970e+03
  Y 2 1 0  1.751270e+02
  Y 1 0 1 -1.257220e+01
  L 0 0 0 0  2.571300e+01
  L 1 0 0 0  1.234000e-01
  L 2 0 0 0  5.034000e-01
  L 0 1 0 0 -1.025000e+01
  L 0 2 0 0  3.248000e+01
  L 0 0 1 0 -1.238000e+00
  L 0 0 2 0 -4.672000e+00
  L 0 0 0 1  1.066000e+00
  L 0 0 0 2  2.013000e+01
